449.72
454.43
459.64
475.19
485.40
485.56
488.73
481.20
483.37
467.26
489.88
475.31
458.96
446.89
451.45
445.17
439.58
455.00
454.53
446.74
429.24
430.14
430.17
426.58
419.40
417.78
391.09
395.23
403.99
401.25
408.92
404.35
401.99
430.60
439.62
445.23
429.52
445.91
462.07
444.26
468.37
456.56
440.10
461.51
460.55
452.42
433.72
448.98
438.97
442.60
447.43
439.31
428.75
435.15
429.24
435.90
413.49
435.54
438.69
433.09
453.25
429.83
436.00
459.46
444.72
443.21
440.40
423.39
442.79
425.85
434.21
426.07
416.85
425.86
421.62
410.04
395.94
368.81
347.79
346.97
346.40
350.84
338.53
334.09
329.36
333.87
345.98
349.60
351.67
346.60
340.01
320.11
323.90
329.31
335.16
330.56
335.58
339.38
340.84
339.03
329.65
322.27
319.91
308.72
309.26
302.63
308.27
319.04
321.20
325.59
316.06
305.30
332.56
332.11
328.49
329.65
319.41
321.67
310.78
316.90
313.51
309.87
295.88
297.81
293.94
315.35
315.65
300.71
317.66
323.63
325.78
327.55
340.47
348.68
322.16
322.05
316.35
329.13
325.31
319.11
326.43
326.09
308.58
391.00
418.45
423.70
423.74
415.88
435.79
442.10
440.36
433.59
426.01
417.85
417.26
404.11
409.99
422.24
443.30
445.27
433.45
445.00
428.35
411.79
398.73
389.37
392.51
390.82
381.63
372.80
376.02
378.67
376.30
373.72
387.51
386.42
392.50
400.62
388.90
391.95
364.20
352.42
348.95
345.62
343.25
346.65
352.82
360.59
381.26
371.75
355.28
361.83
372.11
385.95
383.03
380.85
367.96
380.30
392.78
399.27
395.56
391.20
395.01
407.82
399.235
398.68
396.73
405.55
405.94
392.43
403.32
402.51
408.58
417.40
409.38
399.83
411.82
411.71
411.32
410.63
417.44
417.07
428.27
425.21
417.32
411.11
397.21
406.01
421.96
421.81
430.41
416.56
431.46
430.90
435.20
449.06
449.36
431.44
419.25
437.50
438.57
439.20
447.20
448.96
445.01
435.80
431.41
432.96
451.67
438.07