118.50
116.16
126.39
127.10
126.79
128.24
129.58
138.43
143.40
143.68
143.81
141.90
136.11
138.52
137.91
134.80
137.82
138.41
144.16
146.42
146.24
155.61
160.08
160.41
156.99
157.00
154.72
158.65
162.12
166.47
173.66
177.44
179.51
176.31
171.70
176.78
174.31
163.12
172.40
172.76
172.28
174.95
184.42
180.95
177.51
176.14
166.55
165.20
163.71
167.76
163.36
166.62
167.13
168.58
162.63
162.32
162.13
161.79
151.14
151.41
155.82
159.54
155.67
158.57
161.16
160.46
159.16
157.92
157.39
159.79
160.90
160.88
161.27
159.46
161.36
161.79
164.01
169.73
164.67
203.71
211.51
235.56
232.89
214.90
216.42
218.09
238.60
234.56
233.08
240.56
238.03
230.23
234.99
252.92
259.67
258.01
264.33
254.84
256.12
259.65
250.05
256.33
237.70
233.54
243.98
237.52
258.89
247.96
246.81
240.52
230.29
223.55
206.02
203.78
215.05
206.13
214.24
217.53
219.76
215.24
217.60
215.98
217.97
221.11
221.62
221.42
221.43
210.78
207.58
209.17
198.11
201.06
213.43
214.95
214.90
215.04
214.99
215.61
215.34
214.16
223.47
221.08
214.35
210.02
204.68
203.17
207.69
220.97
223.60
227.92
231.83
231.92
249.80
253.73
259.68
251.31
252.03
252.74
252.18
236.73
246.27
242.11
200.19
192.50
208.44
216.00
213.57
213.58
205.94
207.32
203.08
200.12
203.37
200.15
196.60
213.84
210.86
203.68
200.21
198.62
190.95
202.07
199.45
192.43
202.68
203.23
204.83
197.74
193.39
196.58
196.31
199.46
205.27
201.33
202.68
205.37
220.27
203.77
201.99
196.04
203.43
210.21
217.50
220.18
221.53
231.82
236.64
245.04
246.83
255.07
258.12
278.26
278.39
274.95
284.49
303.46
305.33
347.81
334.63
323.21
337.11
354.49
360.54
341.54
355.26
421.39
408.46
455.19
458.79
448.29
445.50
449.70
424.10
420.99
414.05
447.58
449.59
467.51
503.89
495.54
518.09
516.10
510.13
521.54
542.52
523.20
466.38
490.33
475.51
452.40
488.45118.50																																																																																																		
116.16																																																																																																		
126.39																																																																																																		
127.10																																																																																																		
126.79																																																																																																		
128.24																																																																																																		
129.58																																																																																																		
138.43																																																																																																		
143.40																																																																																																		
143.68																																																																																																		
143.81																																																																																																		
141.90																																																																																																		
136.11																																																																																																		
138.52																																																																																																		
137.91																																																																																																		
134.80																																																																																																		
137.82																																																																																																		
138.41																																																																																																		
144.16																																																																																																		
146.42																																																																																																		
146.24																																																																																																		
155.61																																																																																																		
160.08																																																																																																		
160.41																																																																																																		
156.99																																																																																																		
157.00																																																																																																		
154.72																																																																																																		
158.65																																																																																																		
162.12																																																																																																		
166.47																																																																																																		
173.66																																																																																																		
177.44																																																																																																		
179.51																																																																																																		
176.31																																																																																																		
171.70																																																																																																		
176.78																																																																																																		
174.31																																																																																																		
163.12																																																																																																		
172.40																																																																																																		
172.76																																																																																																		
172.28																																																																																																		
174.95																																																																																																		
184.42																																																																																																		
180.95																																																																																																		
177.51																																																																																																		
176.14																																																																																																		
166.55																																																																																																		
165.20																																																																																																		
163.71																																																																																																		
167.76																																																																																																		
163.36																																																																																																		
166.62																																																																																																		
167.13																																																																																																		
168.58																																																																																																		
162.63																																																																																																		
162.32																																																																																																		
162.13																																																																																																		
161.79																																																																																																		
151.14																																																																																																		
151.41																																																																																																		
155.82																																																																																																		
159.54																																																																																																		
155.67																																																																																																		
158.57																																																																																																		
161.16																																																																																																		
160.46																																																																																																		
159.16																																																																																																		
157.92																																																																																																		
157.39																																																																																																		
159.79																																																																																																		
160.90																																																																																																		
160.88																																																																																																		
161.27																																																																																																		
159.46																																																																																																		
161.36																																																																																																		
161.79																																																																																																		
164.01																																																																																																		
169.73																																																																																																		
164.67																																																																																																		
203.71																																																																																																		
211.51																																																																																																		
235.56																																																																																																		
232.89																																																																																																		
214.90																																																																																																		
216.42																																																																																																		
218.09																																																																																																		
238.60																																																																																																		
234.56																																																																																																		
233.08																																																																																																		
240.56																																																																																																		
238.03																																																																																																		
230.23																																																																																																		
234.99																																																																																																		
252.92																																																																																																		
259.67																																																																																																		
258.01																																																																																																		
264.33																																																																																																		
254.84																																																																																																		
256.12																																																																																																		
259.65																																																																																																		
250.05																																																																																																		
256.33																																																																																																		
237.70																																																																																																		
233.54																																																																																																		
243.98																																																																																																		
237.52																																																																																																		
258.89																																																																																																		
247.96																																																																																																		
246.81																																																																																																		
240.52																																																																																																		
230.29																																																																																																		
223.55																																																																																																		
206.02																																																																																																		
203.78																																																																																																		
215.05																																																																																																		
206.13																																																																																																		
214.24																																																																																																		
217.53																																																																																																		
219.76																																																																																																		
215.24																																																																																																		
217.60																																																																																																		
215.98																																																																																																		
217.97																																																																																																		
221.11																																																																																																		
221.62																																																																																																		
221.42																																																																																																		
221.43																																																																																																		
210.78																																																																																																		
207.58																																																																																																		
209.17																																																																																																		
198.11																																																																																																		
201.06																																																																																																		
213.43																																																																																																		
214.95																																																																																																		
214.90																																																																																																		
215.04																																																																																																		
214.99																																																																																																		
215.61																																																																																																		
215.34																																																																																																		
214.16																																																																																																		
223.47																																																																																																		
221.08																																																																																																		
214.35																																																																																																		
210.02																																																																																																		
204.68																																																																																																		
203.17																																																																																																		
207.69																																																																																																		
220.97																																																																																																		
223.60																																																																																																		
227.92																																																																																																		
231.83																																																																																																		
231.92																																																																																																		
249.80																																																																																																		
253.73																																																																																																		
259.68																																																																																																		
251.31																																																																																																		
252.03																																																																																																		
252.74																																																																																																		
252.18																																																																																																		
236.73																																																																																																		
246.27																																																																																																		
242.11																																																																																																		
200.19																																																																																																		
192.50																																																																																																		
208.44																																																																																																		
216.00																																																																																																		
213.57																																																																																																		
213.58																																																																																																		
205.94																																																																																																		
207.32																																																																																																		
203.08																																																																																																		
200.12																																																																																																		
203.37																																																																																																		
200.15																																																																																																		
196.60																																																																																																		
213.84																																																																																																		
210.86																																																																																																		
203.68																																																																																																		
200.21																																																																																																		
198.62																																																																																																		
190.95																																																																																																		
202.07																																																																																																		
199.45																																																																																																		
192.43																																																																																																		
202.68																																																																																																		
203.23																																																																																																		
204.83																																																																																																		
197.74																																																																																																		
193.39																																																																																																		
196.58																																																																																																		
196.31																																																																																																		
199.46																																																																																																		
205.27																																																																																																		
201.33																																																																																																		
202.68																																																																																																		
205.37																																																																																																		
220.27																																																																																																		
203.77																																																																																																		
201.99																																																																																																		
196.04																																																																																																		
203.43																																																																																																		
210.21																																																																																																		
217.50																																																																																																		
220.18																																																																																																		
221.53																																																																																																		
231.82																																																																																																		
236.64																																																																																																		
245.04																																																																																																		
246.83																																																																																																		
255.07																																																																																																		
258.12																																																																																																		
278.26																																																																																																		
278.39																																																																																																		
274.95																																																																																																		
284.49																																																																																																		
303.46																																																																																																		
305.33																																																																																																		
347.81																																																																																																		
334.63																																																																																																		
323.21																																																																																																		
337.11																																																																																																		
354.49																																																																																																		
360.54																																																																																																		
341.54																																																																																																		
355.26																																																																																																		
421.39																																																																																																		
408.46																																																																																																		
455.19																																																																																																		
458.79																																																																																																		
448.29																																																																																																		
445.50																																																																																																		
449.70																																																																																																		
424.10																																																																																																		
420.99																																																																																																		
414.05																																																																																																		
447.58																																																																																																		
449.59																																																																																																		
467.51																																																																																																		
503.89																																																																																																		
495.54																																																																																																		
518.09																																																																																																		
516.10																																																																																																		
510.13																																																																																																		
521.54																																																																																																		
542.52																																																																																																		
523.20																																																																																																		
466.38																																																																																																		
490.33																																																																																																		
475.51																																																																																																		
452.40																																																																																																		
488.45																																																																																																		