59.29
55.99
53.89
54.53
55.30
56.16
53.92
53.37
53.05
50.63
50.64
50.16
51.36
52.96
54.37
53.67
53.46
54.13
58.16
57.87
57.71
55.69
56.04
57.97
59.64
60.41
63.69
62.86
63.98
62.46
62.75
60.30
61.98
58.27
58.77
57.31
55.98
56.20
60.49
60.91
61.77
66.49
70.09
68.21
66.43
64.96
63.49
64.96
62.92
62.66
57.39
56.22
54.43
53.87
53.01
51.70
51.97
52.21
54.06
58.20
56.02
57.82
59.59
58.94
57.80
59.41
60.62
64.85
64.99
61.67
62.64
64.05
63.60
64.18
74.34
66.39
70.49
72.54
72.38
70.00
71.44
70.14
72.86
68.73
70.41
71.91
70.70
71.45
70.46
71.34
71.94
73.25
73.88
73.90
75.56
74.78
65.21
61.93
62.00
61.08
58.27
60.28
56.80
59.09
60.24
63.74
63.90
58.48
57.10
54.62
54.50
53.11
51.57
53.09
52.06
53.98
54.16
54.22
54.81
54.67
53.83
52.19
53.26
54.34
55.15
54.73
53.49
53.86
53.13
53.75
52.86
53.68
54.33
55.73
55.04
55.97
55.75
56.59
55.36
55.44
57.28
58.56
61.42
61.76
61.23
61.88
60.39
61.57
61.58
63.63
61.77
58.93
60.99
62.49
60.17
60.09
58.63
57.19
54.95
52.96
53.61
53.29
53.09
54.46
57.82
55.10
54.08
47.46
46.24
45.73
44.36
44.05
48.14
52.18
52.37
54.40
53.44
55.18
54.88
53.97
54.46
55.65
56.63
56.40
55.78
53.35
52.69
51.99
52.02
53.14
54.92
54.12
54.76
52.84
52.49
49.46
48.23
48.52
47.31
47.50
49.98
49.97
51.64
54.40
53.94
53.99
53.42
52.69
55.34
55.99
57.92
59.61
61.90
64.18
65.19
66.06
63.48
62.79
65.11
63.21
69.60
64.34
63.17
64.04
62.95
64.97
64.02
64.38
59.86
57.51
57.40
58.41
58.07
58.83
57.61
60.89
60.74
62.38
64.33
63.81
66.78
67.92
69.00
69.73
67.05
67.05
66.86
68.83
68.76
68.73
69.44