693.36
682.87
702.12
697.23
695.77
682.35
698.53
712.20
708.68
726.09
733.63
738.09
719.22
713.57
719.01
718.35
720.67
732.78
727.24
717.51
720.92
710.39
702.91
701.41
704.28
712.97
704.81
713.58
714.80
712.68
717.63
700.00
695.21
773.44
750.01
776.37
763.46
771.99
761.83
769.30
765.87
790.00
780.08
782.13
785.23
767.37
751.48
747.72
739.10
754.79
753.30
754.10
747.38
751.11
738.70
735.11
737.05
748.65
752.45
752.30
765.70
751.98
750.90
755.59
764.70
779.00
775.72
780.25
778.38
765.16
755.40
760.66
748.91
743.75
743.40
734.38
717.34
727.05
710.56
715.66
713.08
717.84
733.51
705.30
715.70
708.65
717.55
712.07
716.92
732.17
733.27
733.41
734.00
738.36
750.82
751.44
751.67
666.47
648.35
637.71
627.32
635.95
618.94
621.71
631.76
627.08
609.01
609.89
609.46
602.01
597.69
590.32
589.15
594.25
613.05
636.22
633.61
647.95
640.87
647.10
639.60
661.53
673.42
666.80
656.96
650.13
652.71
644.23
647.51
657.15
649.50
664.45
658.77
661.50
664.94
667.55
663.29
658.69
665.95
660.09
650.41
658.79
660.62
648.69
646.06
653.06
641.97
631.09
615.52
620.80
620.25
604.12
612.96
647.63
658.76
672.36
672.97
668.73
738.31
716.50
706.41
691.70
668.99
670.21
661.46
677.22
670.72
668.69
649.81
639.77
639.29
643.22
644.78
655.66
637.25
639.30
653.69
657.01
648.18
653.56
655.08
667.73
660.57
644.86
647.39
654.07
654.86
638.18
613.71
627.45
622.66
615.68
606.70
593.66
604.06
592.92
594.89
547.54
525.72
536.38
572.13
579.23
574.46
573.02
575.05
612.42
628.39
629.86
634.53
662.49
671.58
676.87
688.55
670.91
668.84
674.72
659.15
675.03
678.62
671.34
669.12
611.91
608.75
610.41
604.96
612.88
616.81
609.63
598.86
603.00
616.63
618.43
614.23
611.21
602.61
605.06
607.38
610.26
612.34
635.26
635.29
632.51
600.47
597.63
622.98
627.57
593.00
585.39
584.59
570.98
568.43