116.18
115.60
119.84
120.34
121.82
123.60
122.08
127.91
127.25
126.00
124.76
123.25
120.89
121.74
122.29
119.92
124.42
122.24
123.11
124.53
118.61
120.11
116.43
113.26
114.39
113.23
109.22
109.83
111.73
111.26
111.25
111.96
114.74
109.14
104.88
107.77
109.06
108.78
111.87
118.89
123.72
127.75
124.27
125.29
120.87
123.55
122.05
117.21
115.79
117.68
116.42
116.50
117.75
122.00
119.01
118.48
118.72
124.21
131.37
131.46
135.24
140.00
150.57
157.23
157.77
158.82
159.99
168.89
162.73
164.62
166.41
161.71
156.83
157.27
163.90
167.32
182.15
183.75
187.83
190.96
185.69
196.54
192.33
181.60
192.77
187.06
191.94
202.53
202.38
206.77
202.29
198.47
206.71
219.02
220.10
221.91
226.63
224.01
223.77
234.70
218.03
237.50
238.33
237.92
253.30
241.11
244.90
236.95
246.83
241.95
228.50
225.92
201.37
207.37
223.93
224.53
230.26
236.48
240.46
239.49
234.16
226.65
237.22
246.92
252.42
263.71
258.46
241.14
237.50
232.51
225.52
248.55
265.92
276.59
276.27
286.68
284.79
294.37
292.63
285.41
315.42
312.15
343.43
339.55
327.02
345.09
345.87
338.13
333.35
336.63
362.75
365.00
389.11
397.58
399.65
389.09
410.24
435.28
435.79
414.88
437.80
419.44
379.40
382.89
394.69
383.50
373.25
410.34
413.97
411.66
399.78
420.95
417.35
428.17
420.97
418.01
429.00
415.56
412.37
412.67
379.68
400.77
397.05
370.30
389.32
403.11
418.69
405.35
426.13
441.80
461.69
461.73
444.27
422.90
404.35
395.53
382.09
355.46
357.22
321.80
337.84
367.85
366.24
377.76
377.58
406.73
421.51
420.59
426.56
465.66
456.23
457.23
455.07
448.42
449.38
487.48
481.72
496.72
524.56
504.29
518.46
517.16
542.21
576.45
640.20
666.59
646.63
746.81
795.33
766.58
803.63
776.01
724.66
681.54
698.74
731.99
762.10
751.00
895.88
928.41
923.52
971.00
"1,035.50"
"1,064.10"
"1,079.57"
996.00
864.01
949.28
935.89
891.88
995.87