145.00
141.97
144.69
144.12
145.48
143.85
144.17
147.90
154.31
155.02
157.75
157.99
153.30
157.25
159.34
158.24
160.00
162.88
164.10
164.92
164.07
170.70
171.37
173.00
172.41
171.38
167.03
170.78
173.74
173.50
176.75
175.51
179.27
177.87
173.72
180.00
178.26
179.42
180.77
182.70
182.06
183.16
181.59
182.02
180.45
182.01
175.64
175.40
174.98
177.99
179.81
181.77
181.60
180.17
174.18
170.78
170.62
171.66
167.02
168.31
170.76
177.33
177.17
177.82
177.75
174.88
170.29
176.24
176.67
183.61
178.43
176.97
177.69
178.19
181.85
186.58
187.24
188.89
187.62
185.54
185.04
189.11
192.57
183.16
188.32
180.03
179.83
181.81
183.22
182.64
181.16
180.28
182.16
186.26
191.49
201.03
207.04
202.89
202.49
206.88
198.69
195.21
188.08
188.15
199.05
193.16
193.80
186.86
190.17
186.60
181.36
186.52
180.64
178.88
182.55
177.82
180.26
177.00
179.92
181.46
179.59
183.38
182.41
185.55
184.97
183.78
180.93
175.02
176.29
177.72
170.94
174.14
180.99
183.69
189.21
188.61
190.53
188.22
187.54
186.50
188.85
188.12
187.24
189.11
185.04
184.86
184.94
185.81
183.14
187.05
186.23
178.07
183.32
184.84
187.67
186.47
188.52
191.52
192.51
191.13
185.61
180.34
174.19
171.88
185.41
190.04
188.54
190.05
186.94
182.81
184.97
187.98
187.90
189.82
191.55
192.85
195.56
184.89
177.19
182.48
180.05
183.04
183.34
177.82
182.65
184.77
186.03
183.14
180.25
183.22
181.93
180.40
178.56
172.70
175.64
175.20
178.68
171.24
167.52
165.17
174.40
175.75
177.39
177.64
178.10
182.08
183.91
188.63
189.31
196.51
198.87
198.35
201.68
202.06
199.88
202.50
199.64
208.27
216.61
213.17
209.25
199.57
198.45
198.48
196.50
207.83
211.50
215.20
219.44
220.78
225.83
235.74
225.32
222.32
220.61
223.47
219.51
215.33
214.86
212.60
214.25
211.14
224.36
222.82
214.75
218.66
205.10
208.64
208.19
200.42
204.87